[gd_scene load_steps=14 format=2]

[ext_resource path="res://Player.tscn" type="PackedScene" id=1]
[ext_resource path="res://Demo1.gd" type="Script" id=2]
[ext_resource path="res://textures/Stylized_Stone_Floor_005_normal.jpg" type="Texture" id=3]
[ext_resource path="res://textures/Stylized_Stone_Floor_005_basecolor.jpg" type="Texture" id=4]
[ext_resource path="res://Camera.gd" type="Script" id=5]
[ext_resource path="res://textures/Stylized_Stone_Floor_005_ambientOcclusion.jpg" type="Texture" id=6]
[ext_resource path="res://textures/Stylized_Stone_Floor_005_height.png" type="Texture" id=7]

[sub_resource type="SpatialMaterial" id=7]
albedo_texture = ExtResource( 4 )
normal_enabled = true
normal_scale = 3.42
normal_texture = ExtResource( 3 )
ao_enabled = true
ao_light_affect = 0.16
ao_texture = ExtResource( 6 )
ao_on_uv2 = false
ao_texture_channel = 4
depth_enabled = true
depth_scale = 0.1
depth_deep_parallax = false
depth_flip_tangent = false
depth_flip_binormal = false
depth_texture = ExtResource( 7 )
uv1_scale = Vector3( 3, 3, 3 )

[sub_resource type="PlaneMesh" id=2]
material = SubResource( 7 )
size = Vector2( 50, 50 )

[sub_resource type="ConcavePolygonShape" id=6]
data = PoolVector3Array( 25, 0, 25, -25, 0, 25, 25, 0, -25, -25, 0, 25, -25, 0, -25, 25, 0, -25 )

[sub_resource type="CubeMesh" id=1]

[sub_resource type="BoxShape" id=5]

[sub_resource type="CylinderMesh" id=3]
top_radius = 0.01

[node name="Demo1" type="Spatial"]
script = ExtResource( 2 )

[node name="Ground" type="StaticBody" parent="."]

[node name="MeshInstance2" type="MeshInstance" parent="Ground"]
mesh = SubResource( 2 )
skeleton = NodePath("../..")

[node name="CollisionShape" type="CollisionShape" parent="Ground"]
shape = SubResource( 6 )

[node name="RigidBody" type="RigidBody" parent="."]
transform = Transform( 0.946852, 0.321671, 0, -0.321671, 0.946852, 0, 0, 0, 1, -9.20067, 8.27771, 0 )

[node name="MeshInstance" type="MeshInstance" parent="RigidBody"]
transform = Transform( 1, 2.98023e-08, 0, -2.98023e-08, 1, 0, 0, 0, 1, 0, 0, 0 )
mesh = SubResource( 1 )
skeleton = NodePath("../..")

[node name="CollisionShape" type="CollisionShape" parent="RigidBody"]
shape = SubResource( 5 )

[node name="Camera" type="Camera" parent="."]
transform = Transform( 0.954745, -0.113455, 0.274936, 0, 0.924386, 0.381458, -0.297425, -0.364195, 0.882553, 5.15808, 7.79307, 8.71283 )
script = ExtResource( 5 )
target_path = NodePath("../Player")
offset = Vector3( 0, 5, 6 )

[node name="OmniLight" type="OmniLight" parent="."]
transform = Transform( 1, 0, 0, 0, 1, 0, 0, 0, 1, -1.93987, 10.5153, 3.81262 )
light_energy = 5.0
shadow_enabled = true
omni_range = 18.3482
omni_attenuation = 1.86607

[node name="MeshInstance3" type="MeshInstance" parent="."]
transform = Transform( 1, 0, 0, 0, 1, 0, 0, 0, 1, -3.25143, 1.3752, 2.37793 )
mesh = SubResource( 3 )

[node name="Player" parent="." instance=ExtResource( 1 )]
transform = Transform( 0.947255, 0, -0.320481, 0, 1, 0, 0.320481, 0, 0.947255, 0, 9.673, -1.09257 )

[node name="DirectionalLight" type="DirectionalLight" parent="."]
transform = Transform( 1, 0, 0, 0, 0.829876, 0.557948, 0, -0.557948, 0.829876, 0, 16.6432, 18.3456 )
light_energy = 4.0
shadow_enabled = true
